Lens shading correction data dump for EEPROM holi_jk_hi1336_eeprom

Light Type: D50 
MeshHWRollOffSize=221

r_gain:
260.000000  288.000000  323.000000  376.000000  429.000000  453.000000  496.000000  517.000000  527.000000  517.000000  496.000000  453.000000  429.000000  376.000000  323.000000  288.000000  246.000000  
274.000000  316.000000  380.000000  432.000000  485.000000  538.000000  580.000000  601.000000  612.000000  601.000000  580.000000  538.000000  485.000000  432.000000  380.000000  316.000000  274.000000  
288.000000  359.000000  422.000000  485.000000  548.000000  612.000000  664.000000  696.000000  717.000000  696.000000  664.000000  601.000000  538.000000  475.000000  422.000000  359.000000  288.000000  
320.000000  390.000000  453.000000  527.000000  612.000000  686.000000  749.000000  791.000000  812.000000  791.000000  749.000000  675.000000  601.000000  517.000000  453.000000  380.000000  323.000000  
341.000000  411.000000  485.000000  570.000000  654.000000  749.000000  833.000000  896.000000  928.000000  896.000000  823.000000  738.000000  654.000000  559.000000  475.000000  411.000000  341.000000  
352.000000  422.000000  506.000000  591.000000  696.000000  791.000000  896.000000  960.000000  991.000000  960.000000  886.000000  780.000000  686.000000  591.000000  496.000000  422.000000  352.000000  
348.000000  432.000000  506.000000  601.000000  707.000000  802.000000  918.000000  991.000000  1023.000000  981.000000  907.000000  802.000000  696.000000  591.000000  506.000000  422.000000  352.000000  
352.000000  422.000000  496.000000  591.000000  686.000000  791.000000  896.000000  960.000000  991.000000  960.000000  886.000000  780.000000  686.000000  580.000000  496.000000  422.000000  352.000000  
327.000000  411.000000  475.000000  559.000000  654.000000  749.000000  833.000000  896.000000  918.000000  896.000000  833.000000  738.000000  654.000000  559.000000  475.000000  401.000000  345.000000  
309.000000  380.000000  453.000000  527.000000  601.000000  686.000000  749.000000  802.000000  823.000000  802.000000  749.000000  675.000000  601.000000  517.000000  453.000000  380.000000  323.000000  
292.000000  348.000000  411.000000  475.000000  538.000000  612.000000  664.000000  707.000000  717.000000  696.000000  664.000000  612.000000  538.000000  475.000000  411.000000  359.000000  288.000000  
274.000000  316.000000  369.000000  432.000000  485.000000  527.000000  580.000000  601.000000  622.000000  612.000000  580.000000  527.000000  485.000000  432.000000  380.000000  316.000000  274.000000  
246.000000  288.000000  327.000000  376.000000  429.000000  457.000000  496.000000  517.000000  524.000000  513.000000  496.000000  471.000000  429.000000  376.000000  337.000000  288.000000  260.000000  

gr_gain:
270.000000  307.000000  352.000000  404.000000  452.000000  488.000000  517.000000  544.000000  548.000000  542.000000  522.000000  492.000000  457.000000  410.000000  363.000000  310.000000  274.000000  
292.000000  343.000000  403.000000  463.000000  517.000000  560.000000  604.000000  631.000000  642.000000  637.000000  609.000000  571.000000  522.000000  468.000000  414.000000  354.000000  303.000000  
316.000000  381.000000  446.000000  512.000000  577.000000  637.000000  686.000000  724.000000  735.000000  724.000000  691.000000  642.000000  582.000000  517.000000  457.000000  392.000000  326.000000  
341.000000  414.000000  484.000000  555.000000  631.000000  707.000000  767.000000  811.000000  827.000000  816.000000  773.000000  713.000000  642.000000  566.000000  490.000000  424.000000  352.000000  
361.000000  441.000000  512.000000  593.000000  680.000000  762.000000  838.000000  903.000000  930.000000  909.000000  849.000000  767.000000  686.000000  604.000000  522.000000  446.000000  374.000000  
379.000000  452.000000  528.000000  620.000000  713.000000  805.000000  898.000000  969.000000  996.000000  974.000000  903.000000  811.000000  718.000000  626.000000  539.000000  463.000000  390.000000  
377.000000  457.000000  539.000000  626.000000  724.000000  822.000000  920.000000  990.000000  1023.000000  996.000000  925.000000  827.000000  729.000000  637.000000  544.000000  468.000000  395.000000  
372.000000  452.000000  528.000000  615.000000  707.000000  805.000000  898.000000  969.000000  996.000000  969.000000  903.000000  811.000000  718.000000  626.000000  539.000000  463.000000  390.000000  
363.000000  435.000000  512.000000  593.000000  680.000000  762.000000  843.000000  903.000000  925.000000  903.000000  849.000000  767.000000  686.000000  599.000000  517.000000  446.000000  374.000000  
334.000000  414.000000  479.000000  555.000000  631.000000  702.000000  762.000000  811.000000  833.000000  816.000000  767.000000  707.000000  637.000000  560.000000  490.000000  419.000000  354.000000  
310.000000  375.000000  446.000000  506.000000  571.000000  631.000000  680.000000  718.000000  729.000000  718.000000  686.000000  637.000000  577.000000  512.000000  452.000000  386.000000  321.000000  
287.000000  337.000000  397.000000  457.000000  506.000000  555.000000  599.000000  626.000000  637.000000  626.000000  604.000000  560.000000  512.000000  463.000000  408.000000  348.000000  297.000000  
272.000000  308.000000  354.000000  406.000000  448.000000  490.000000  519.000000  539.000000  550.000000  539.000000  524.000000  495.000000  453.000000  412.000000  357.000000  312.000000  276.000000  

gb_gain:
270.000000  307.000000  352.000000  404.000000  453.000000  488.000000  517.000000  544.000000  548.000000  542.000000  522.000000  493.000000  459.000000  410.000000  357.000000  312.000000  276.000000  
292.000000  343.000000  403.000000  463.000000  512.000000  560.000000  604.000000  631.000000  642.000000  637.000000  609.000000  566.000000  517.000000  468.000000  408.000000  348.000000  297.000000  
308.000000  381.000000  446.000000  512.000000  571.000000  637.000000  686.000000  724.000000  735.000000  724.000000  691.000000  637.000000  577.000000  512.000000  452.000000  386.000000  321.000000  
341.000000  414.000000  484.000000  555.000000  631.000000  702.000000  767.000000  811.000000  827.000000  811.000000  767.000000  707.000000  637.000000  555.000000  484.000000  419.000000  346.000000  
361.000000  441.000000  512.000000  593.000000  680.000000  762.000000  838.000000  903.000000  930.000000  903.000000  843.000000  762.000000  680.000000  599.000000  517.000000  441.000000  375.000000  
372.000000  452.000000  528.000000  615.000000  713.000000  805.000000  898.000000  969.000000  996.000000  969.000000  903.000000  805.000000  713.000000  620.000000  533.000000  457.000000  385.000000  
377.000000  457.000000  533.000000  626.000000  724.000000  822.000000  925.000000  996.000000  1023.000000  996.000000  925.000000  827.000000  724.000000  631.000000  539.000000  463.000000  390.000000  
372.000000  452.000000  528.000000  620.000000  713.000000  805.000000  903.000000  969.000000  996.000000  969.000000  903.000000  811.000000  713.000000  620.000000  533.000000  457.000000  385.000000  
363.000000  435.000000  512.000000  593.000000  680.000000  767.000000  843.000000  909.000000  925.000000  903.000000  849.000000  767.000000  686.000000  593.000000  517.000000  441.000000  375.000000  
341.000000  414.000000  484.000000  555.000000  631.000000  707.000000  767.000000  816.000000  838.000000  816.000000  773.000000  707.000000  637.000000  560.000000  484.000000  419.000000  346.000000  
316.000000  381.000000  446.000000  512.000000  571.000000  637.000000  686.000000  724.000000  735.000000  724.000000  691.000000  637.000000  577.000000  512.000000  452.000000  386.000000  321.000000  
292.000000  343.000000  403.000000  457.000000  512.000000  560.000000  604.000000  631.000000  642.000000  637.000000  609.000000  566.000000  517.000000  463.000000  408.000000  348.000000  297.000000  
270.000000  307.000000  352.000000  406.000000  453.000000  495.000000  524.000000  544.000000  555.000000  550.000000  530.000000  493.000000  459.000000  412.000000  365.000000  312.000000  276.000000  

b_gain:
278.000000  303.000000  360.000000  401.000000  461.000000  496.000000  518.000000  546.000000  556.000000  546.000000  527.000000  493.000000  458.000000  414.000000  357.000000  313.000000  275.000000  
290.000000  341.000000  398.000000  464.000000  511.000000  559.000000  606.000000  635.000000  644.000000  635.000000  616.000000  568.000000  521.000000  464.000000  407.000000  350.000000  300.000000  
316.000000  379.000000  445.000000  511.000000  578.000000  635.000000  691.000000  720.000000  739.000000  729.000000  691.000000  644.000000  578.000000  511.000000  455.000000  388.000000  325.000000  
341.000000  417.000000  483.000000  559.000000  635.000000  710.000000  767.000000  815.000000  834.000000  815.000000  777.000000  710.000000  635.000000  559.000000  493.000000  417.000000  354.000000  
360.000000  436.000000  511.000000  597.000000  682.000000  767.000000  843.000000  900.000000  928.000000  909.000000  852.000000  767.000000  691.000000  597.000000  521.000000  445.000000  369.000000  
379.000000  455.000000  530.000000  625.000000  720.000000  805.000000  900.000000  966.000000  995.000000  966.000000  909.000000  815.000000  720.000000  625.000000  540.000000  455.000000  392.000000  
379.000000  455.000000  540.000000  635.000000  729.000000  824.000000  919.000000  985.000000  1023.000000  995.000000  928.000000  834.000000  729.000000  635.000000  540.000000  464.000000  388.000000  
366.000000  455.000000  530.000000  625.000000  710.000000  805.000000  900.000000  966.000000  995.000000  966.000000  909.000000  815.000000  720.000000  625.000000  540.000000  455.000000  392.000000  
360.000000  436.000000  511.000000  597.000000  682.000000  767.000000  843.000000  909.000000  919.000000  900.000000  852.000000  767.000000  691.000000  597.000000  521.000000  445.000000  369.000000  
341.000000  417.000000  483.000000  559.000000  635.000000  710.000000  767.000000  815.000000  834.000000  815.000000  777.000000  710.000000  635.000000  559.000000  493.000000  417.000000  354.000000  
316.000000  379.000000  445.000000  511.000000  578.000000  635.000000  691.000000  720.000000  739.000000  720.000000  691.000000  644.000000  578.000000  511.000000  455.000000  388.000000  325.000000  
290.000000  341.000000  398.000000  455.000000  511.000000  559.000000  606.000000  635.000000  644.000000  635.000000  606.000000  568.000000  521.000000  464.000000  407.000000  350.000000  300.000000  
278.000000  303.000000  360.000000  404.000000  448.000000  496.000000  518.000000  546.000000  543.000000  546.000000  518.000000  493.000000  458.000000  414.000000  357.000000  313.000000  275.000000  
